Preto 0 0 0
Branco 1 1 1
Vermelho 1 0 0
Verde-limao 0 1 0
Verde 0 0.501961 0
Azul 0 0 1
Amarelo 1 1 0
Cinza 0.501961 0.501961 0.501961
Ciano 0 1 1
Roxo 0.501961 0 0.501961
Black 0 0 0
White 1 1 1
Red 1 0 0
Lime 0 1 0
Blue 0 0 1
Yellow 1 1 0
Cyan 0 1 1
Magenta 1 0 1
Silver 0.752941 0.752941 0.752941
Gray 0.501961 0.501961 0.501961
Maroon 0.501961 0 0
Olive 0.501961 0.501961 0
Green 0 0.501961 0
Purple 0.501961 0 0.501961
Teal 0 0.501961 0.501961
Navy 0 0 0.501961
snow 1 0.980392 0.980392
snow1 1 0.980392 0.980392
snow2 0.933333 0.913725 0.913725
RosyBrown1 1 0.756863 0.756863
RosyBrown2 0.933333 0.705882 0.705882
snow3 0.803922 0.788235 0.788235
LightCoral 0.941176 0.501961 0.501961
IndianRed1 1 0.415686 0.415686
RosyBrown3 0.803922 0.607843 0.607843
IndianRed2 0.933333 0.388235 0.388235
RosyBrown 0.737255 0.560784 0.560784
brown1 1 0.25098 0.25098
firebrick1 1 0.188235 0.188235
brown2 0.933333 0.231373 0.231373
IndianRed 0.803922 0.360784 0.360784
IndianRed3 0.803922 0.333333 0.333333
firebrick2 0.933333 0.172549 0.172549
snow4 0.545098 0.537255 0.537255
brown3 0.803922 0.2 0.2
red 1 0 0
red1 1 0 0
RosyBrown4 0.545098 0.411765 0.411765
firebrick3 0.803922 0.14902 0.14902
red2 0.933333 0 0
firebrick 0.698039 0.133333 0.133333
brown 0.647059 0.164706 0.164706
red3 0.803922 0 0
IndianRed4 0.545098 0.227451 0.227451
brown4 0.545098 0.137255 0.137255
firebrick4 0.545098 0.101961 0.101961
DarkRed 0.545098 0 0
red4 0.545098 0 0
maroon 0.501961 0 0
LightPink1 1 0.682353 0.72549
LightPink3 0.803922 0.54902 0.584314
LightPink4 0.545098 0.372549 0.396078
LightPink2 0.933333 0.635294 0.678431
LightPink 1 0.713725 0.756863
pink 1 0.752941 0.796078
crimson 0.862745 0.0784314 0.235294
pink1 1 0.709804 0.772549
pink2 0.933333 0.662745 0.721569
pink3 0.803922 0.568627 0.619608
pink4 0.545098 0.388235 0.423529
PaleVioletRed4 0.545098 0.278431 0.364706
PaleVioletRed 0.858824 0.439216 0.576471
PaleVioletRed2 0.933333 0.47451 0.623529
PaleVioletRed1 1 0.509804 0.670588
PaleVioletRed3 0.803922 0.407843 0.537255
LavenderBlush 1 0.941176 0.960784
LavenderBlush1 1 0.941176 0.960784
LavenderBlush3 0.803922 0.756863 0.772549
LavenderBlush2 0.933333 0.878431 0.898039
LavenderBlush4 0.545098 0.513725 0.52549
maroon 0.690196 0.188235 0.376471
HotPink3 0.803922 0.376471 0.564706
VioletRed3 0.803922 0.196078 0.470588
VioletRed1 1 0.243137 0.588235
VioletRed2 0.933333 0.227451 0.54902
VioletRed4 0.545098 0.133333 0.321569
HotPink2 0.933333 0.415686 0.654902
HotPink1 1 0.431373 0.705882
HotPink4 0.545098 0.227451 0.384314
HotPink 1 0.411765 0.705882
DeepPink 1 0.0784314 0.576471
DeepPink1 1 0.0784314 0.576471
DeepPink2 0.933333 0.0705882 0.537255
DeepPink3 0.803922 0.0627451 0.462745
DeepPink4 0.545098 0.0392157 0.313725
maroon1 1 0.203922 0.701961
maroon2 0.933333 0.188235 0.654902
maroon3 0.803922 0.160784 0.564706
maroon4 0.545098 0.109804 0.384314
MediumVioletRed 0.780392 0.0823529 0.521569
VioletRed 0.815686 0.12549 0.564706
orchid2 0.933333 0.478431 0.913725
orchid 0.854902 0.439216 0.839216
orchid1 1 0.513725 0.980392
orchid3 0.803922 0.411765 0.788235
orchid4 0.545098 0.278431 0.537255
thistle1 1 0.882353 1
thistle2 0.933333 0.823529 0.933333
plum1 1 0.733333 1
plum2 0.933333 0.682353 0.933333
thistle 0.847059 0.74902 0.847059
thistle3 0.803922 0.709804 0.803922
plum 0.866667 0.627451 0.866667
violet 0.933333 0.509804 0.933333
plum3 0.803922 0.588235 0.803922
thistle4 0.545098 0.482353 0.545098
fuchsia 1 0 1
magenta 1 0 1
magenta1 1 0 1
plum4 0.545098 0.4 0.545098
magenta2 0.933333 0 0.933333
magenta3 0.803922 0 0.803922
DarkMagenta 0.545098 0 0.545098
magenta4 0.545098 0 0.545098
purple 0.501961 0 0.501961
MediumOrchid 0.729412 0.333333 0.827451
MediumOrchid1 0.878431 0.4 1
MediumOrchid2 0.819608 0.372549 0.933333
MediumOrchid3 0.705882 0.321569 0.803922
MediumOrchid4 0.478431 0.215686 0.545098
DarkViolet 0.580392 0 0.827451
DarkOrchid 0.6 0.196078 0.8
DarkOrchid1 0.74902 0.243137 1
DarkOrchid3 0.603922 0.196078 0.803922
DarkOrchid2 0.698039 0.227451 0.933333
DarkOrchid4 0.407843 0.133333 0.545098
purple 0.627451 0.12549 0.941176
indigo 0.294118 0 0.509804
BlueViolet 0.541176 0.168627 0.886275
purple2 0.568627 0.172549 0.933333
purple3 0.490196 0.14902 0.803922
purple4 0.333333 0.101961 0.545098
purple1 0.607843 0.188235 1
MediumPurple 0.576471 0.439216 0.858824
MediumPurple1 0.670588 0.509804 1
MediumPurple2 0.623529 0.47451 0.933333
MediumPurple3 0.537255 0.407843 0.803922
MediumPurple4 0.364706 0.278431 0.545098
DarkSlateBlue 0.282353 0.239216 0.545098
LightSlateBlue 0.517647 0.439216 1
MediumSlateBlue 0.482353 0.407843 0.933333
SlateBlue 0.415686 0.352941 0.803922
SlateBlue1 0.513725 0.435294 1
SlateBlue2 0.478431 0.403922 0.933333
SlateBlue3 0.411765 0.34902 0.803922
SlateBlue4 0.278431 0.235294 0.545098
GhostWhite 0.972549 0.972549 1
lavender 0.901961 0.901961 0.980392
blue 0 0 1
blue1 0 0 1
blue2 0 0 0.933333
blue3 0 0 0.803922
MediumBlue 0 0 0.803922
blue4 0 0 0.545098
DarkBlue 0 0 0.545098
MidnightBlue 0.0980392 0.0980392 0.439216
navy 0 0 0.501961
NavyBlue 0 0 0.501961
RoyalBlue 0.254902 0.411765 0.882353
RoyalBlue1 0.282353 0.462745 1
RoyalBlue2 0.262745 0.431373 0.933333
RoyalBlue3 0.227451 0.372549 0.803922
RoyalBlue4 0.152941 0.25098 0.545098
CornflowerBlue 0.392157 0.584314 0.929412
LightSteelBlue 0.690196 0.768627 0.870588
LightSteelBlue1 0.792157 0.882353 1
LightSteelBlue2 0.737255 0.823529 0.933333
LightSteelBlue3 0.635294 0.709804 0.803922
LightSteelBlue4 0.431373 0.482353 0.545098
SlateGray4 0.423529 0.482353 0.545098
SlateGray1 0.776471 0.886275 1
SlateGray2 0.72549 0.827451 0.933333
SlateGray3 0.623529 0.713725 0.803922
LightSlateGray 0.466667 0.533333 0.6
LightSlateGrey 0.466667 0.533333 0.6
SlateGray 0.439216 0.501961 0.564706
SlateGrey 0.439216 0.501961 0.564706
DodgerBlue 0.117647 0.564706 1
DodgerBlue1 0.117647 0.564706 1
DodgerBlue2 0.109804 0.52549 0.933333
DodgerBlue4 0.0627451 0.305882 0.545098
DodgerBlue3 0.0941176 0.454902 0.803922
AliceBlue 0.941176 0.972549 1
SteelBlue4 0.211765 0.392157 0.545098
SteelBlue 0.27451 0.509804 0.705882
SteelBlue1 0.388235 0.721569 1
SteelBlue2 0.360784 0.67451 0.933333
SteelBlue3 0.309804 0.580392 0.803922
SkyBlue4 0.290196 0.439216 0.545098
SkyBlue1 0.529412 0.807843 1
SkyBlue2 0.494118 0.752941 0.933333
SkyBlue3 0.423529 0.65098 0.803922
LightSkyBlue 0.529412 0.807843 0.980392
LightSkyBlue4 0.376471 0.482353 0.545098
LightSkyBlue1 0.690196 0.886275 1
LightSkyBlue2 0.643137 0.827451 0.933333
LightSkyBlue3 0.552941 0.713725 0.803922
SkyBlue 0.529412 0.807843 0.921569
LightBlue3 0.603922 0.752941 0.803922
DeepSkyBlue 0 0.74902 1
DeepSkyBlue1 0 0.74902 1
DeepSkyBlue2 0 0.698039 0.933333
DeepSkyBlue4 0 0.407843 0.545098
DeepSkyBlue3 0 0.603922 0.803922
LightBlue1 0.74902 0.937255 1
LightBlue2 0.698039 0.87451 0.933333
LightBlue 0.678431 0.847059 0.901961
LightBlue4 0.407843 0.513725 0.545098
PowderBlue 0.690196 0.878431 0.901961
CadetBlue1 0.596078 0.960784 1
CadetBlue2 0.556863 0.898039 0.933333
CadetBlue3 0.478431 0.772549 0.803922
CadetBlue4 0.32549 0.52549 0.545098
turquoise1 0 0.960784 1
turquoise2 0 0.898039 0.933333
turquoise3 0 0.772549 0.803922
turquoise4 0 0.52549 0.545098
CadetBlue 0.372549 0.619608 0.627451
DarkTurquoise 0 0.807843 0.819608
azure 0.941176 1 1
LightCyan 0.878431 1 1
LightCyan1 0.878431 1 1
azure2 0.878431 0.933333 0.933333
LightCyan2 0.819608 0.933333 0.933333
PaleTurquoise1 0.733333 1 1
PaleTurquoise 0.686275 0.933333 0.933333
PaleTurquoise2 0.682353 0.933333 0.933333
DarkSlateGray1 0.592157 1 1
azure3 0.756863 0.803922 0.803922
LightCyan3 0.705882 0.803922 0.803922
DarkSlateGray2 0.552941 0.933333 0.933333
PaleTurquoise3 0.588235 0.803922 0.803922
DarkSlateGray3 0.47451 0.803922 0.803922
azure4 0.513725 0.545098 0.545098
LightCyan4 0.478431 0.545098 0.545098
aqua 0 1 1
cyan 0 1 1
cyan1 0 1 1
PaleTurquoise4 0.4 0.545098 0.545098
cyan2 0 0.933333 0.933333
DarkSlateGray4 0.321569 0.545098 0.545098
cyan3 0 0.803922 0.803922
cyan4 0 0.545098 0.545098
DarkCyan 0 0.545098 0.545098
teal 0 0.501961 0.501961
DarkSlateGray 0.184314 0.309804 0.309804
DarkSlateGrey 0.184314 0.309804 0.309804
MediumTurquoise 0.282353 0.819608 0.8
LightSeaGreen 0.12549 0.698039 0.666667
turquoise 0.25098 0.878431 0.815686
aquamarine4 0.270588 0.545098 0.454902
aquamarine 0.498039 1 0.831373
aquamarine1 0.498039 1 0.831373
aquamarine2 0.462745 0.933333 0.776471
aquamarine3 0.4 0.803922 0.666667
MediumAquamarine 0.4 0.803922 0.666667
MediumSpringGreen 0 0.980392 0.603922
MintCream 0.960784 1 0.980392
SpringGreen 0 1 0.498039
SpringGreen1 0 1 0.498039
SpringGreen2 0 0.933333 0.462745
SpringGreen3 0 0.803922 0.4
SpringGreen4 0 0.545098 0.270588
MediumSeaGreen 0.235294 0.701961 0.443137
SeaGreen 0.180392 0.545098 0.341176
SeaGreen3 0.262745 0.803922 0.501961
SeaGreen1 0.329412 1 0.623529
SeaGreen4 0.180392 0.545098 0.341176
SeaGreen2 0.305882 0.933333 0.580392
MediumForestGreen 0.196078 0.505882 0.294118
honeydew 0.941176 1 0.941176
honeydew1 0.941176 1 0.941176
honeydew2 0.878431 0.933333 0.878431
DarkSeaGreen1 0.756863 1 0.756863
DarkSeaGreen2 0.705882 0.933333 0.705882
PaleGreen1 0.603922 1 0.603922
PaleGreen 0.596078 0.984314 0.596078
honeydew3 0.756863 0.803922 0.756863
LightGreen 0.564706 0.933333 0.564706
PaleGreen2 0.564706 0.933333 0.564706
DarkSeaGreen3 0.607843 0.803922 0.607843
DarkSeaGreen 0.560784 0.737255 0.560784
PaleGreen3 0.486275 0.803922 0.486275
honeydew4 0.513725 0.545098 0.513725
green1 0 1 0
lime 0 1 0
LimeGreen 0.196078 0.803922 0.196078
DarkSeaGreen4 0.411765 0.545098 0.411765
green2 0 0.933333 0
PaleGreen4 0.329412 0.545098 0.329412
green3 0 0.803922 0
ForestGreen 0.133333 0.545098 0.133333
green4 0 0.545098 0
green 0 0.501961 0
DarkGreen 0 0.392157 0
LawnGreen 0.486275 0.988235 0
chartreuse 0.498039 1 0
chartreuse1 0.498039 1 0
chartreuse2 0.462745 0.933333 0
chartreuse3 0.4 0.803922 0
chartreuse4 0.270588 0.545098 0
GreenYellow 0.678431 1 0.184314
DarkOliveGreen3 0.635294 0.803922 0.352941
DarkOliveGreen1 0.792157 1 0.439216
DarkOliveGreen2 0.737255 0.933333 0.407843
DarkOliveGreen4 0.431373 0.545098 0.239216
DarkOliveGreen 0.333333 0.419608 0.184314
OliveDrab 0.419608 0.556863 0.137255
OliveDrab1 0.752941 1 0.243137
OliveDrab2 0.701961 0.933333 0.227451
OliveDrab3 0.603922 0.803922 0.196078
YellowGreen 0.603922 0.803922 0.196078
OliveDrab4 0.411765 0.545098 0.133333
ivory 1 1 0.941176
ivory1 1 1 0.941176
LightYellow 1 1 0.878431
LightYellow1 1 1 0.878431
beige 0.960784 0.960784 0.862745
ivory2 0.933333 0.933333 0.878431
LightGoldenrodYellow 0.980392 0.980392 0.823529
LightYellow2 0.933333 0.933333 0.819608
ivory3 0.803922 0.803922 0.756863
LightYellow3 0.803922 0.803922 0.705882
ivory4 0.545098 0.545098 0.513725
LightYellow4 0.545098 0.545098 0.478431
yellow 1 1 0
yellow1 1 1 0
yellow2 0.933333 0.933333 0
yellow3 0.803922 0.803922 0
yellow4 0.545098 0.545098 0
olive 0.501961 0.501961 0
DarkKhaki 0.741176 0.717647 0.419608
khaki2 0.933333 0.901961 0.521569
LemonChiffon4 0.545098 0.537255 0.439216
khaki1 1 0.964706 0.560784
khaki3 0.803922 0.776471 0.45098
khaki4 0.545098 0.52549 0.305882
PaleGoldenrod 0.933333 0.909804 0.666667
LemonChiffon 1 0.980392 0.803922
LemonChiffon1 1 0.980392 0.803922
khaki 0.941176 0.901961 0.54902
LemonChiffon3 0.803922 0.788235 0.647059
LemonChiffon2 0.933333 0.913725 0.74902
MediumGoldenRod 0.819608 0.756863 0.4
cornsilk4 0.545098 0.533333 0.470588
gold 1 0.843137 0
gold1 1 0.843137 0
gold2 0.933333 0.788235 0
gold3 0.803922 0.678431 0
gold4 0.545098 0.458824 0
LightGoldenrod 0.933333 0.866667 0.509804
LightGoldenrod4 0.545098 0.505882 0.298039
LightGoldenrod1 1 0.92549 0.545098
LightGoldenrod3 0.803922 0.745098 0.439216
LightGoldenrod2 0.933333 0.862745 0.509804
cornsilk3 0.803922 0.784314 0.694118
cornsilk2 0.933333 0.909804 0.803922
cornsilk 1 0.972549 0.862745
cornsilk1 1 0.972549 0.862745
goldenrod 0.854902 0.647059 0.12549
goldenrod1 1 0.756863 0.145098
goldenrod2 0.933333 0.705882 0.133333
goldenrod3 0.803922 0.607843 0.113725
goldenrod4 0.545098 0.411765 0.0784314
DarkGoldenrod 0.721569 0.52549 0.0431373
DarkGoldenrod1 1 0.72549 0.0588235
DarkGoldenrod2 0.933333 0.678431 0.054902
DarkGoldenrod3 0.803922 0.584314 0.0470588
DarkGoldenrod4 0.545098 0.396078 0.0313725
FloralWhite 1 0.980392 0.941176
wheat2 0.933333 0.847059 0.682353
OldLace 0.992157 0.960784 0.901961
wheat 0.960784 0.870588 0.701961
wheat1 1 0.905882 0.729412
wheat3 0.803922 0.729412 0.588235
orange 1 0.647059 0
orange1 1 0.647059 0
orange2 0.933333 0.603922 0
orange3 0.803922 0.521569 0
orange4 0.545098 0.352941 0
wheat4 0.545098 0.494118 0.4
moccasin 1 0.894118 0.709804
PapayaWhip 1 0.937255 0.835294
NavajoWhite3 0.803922 0.701961 0.545098
BlanchedAlmond 1 0.921569 0.803922
NavajoWhite 1 0.870588 0.678431
NavajoWhite1 1 0.870588 0.678431
NavajoWhite2 0.933333 0.811765 0.631373
NavajoWhite4 0.545098 0.47451 0.368627
AntiqueWhite4 0.545098 0.513725 0.470588
AntiqueWhite 0.980392 0.921569 0.843137
tan 0.823529 0.705882 0.54902
bisque4 0.545098 0.490196 0.419608
burlywood 0.870588 0.721569 0.529412
AntiqueWhite2 0.933333 0.87451 0.8
burlywood1 1 0.827451 0.607843
burlywood3 0.803922 0.666667 0.490196
burlywood2 0.933333 0.772549 0.568627
AntiqueWhite1 1 0.937255 0.858824
burlywood4 0.545098 0.45098 0.333333
AntiqueWhite3 0.803922 0.752941 0.690196
DarkOrange 1 0.54902 0
bisque2 0.933333 0.835294 0.717647
bisque 1 0.894118 0.768627
bisque1 1 0.894118 0.768627
bisque3 0.803922 0.717647 0.619608
DarkOrange1 1 0.498039 0
linen 0.980392 0.941176 0.901961
DarkOrange2 0.933333 0.462745 0
DarkOrange3 0.803922 0.4 0
DarkOrange4 0.545098 0.270588 0
peru 0.803922 0.521569 0.247059
tan1 1 0.647059 0.309804
tan2 0.933333 0.603922 0.286275
tan3 0.803922 0.521569 0.247059
tan4 0.545098 0.352941 0.168627
PeachPuff 1 0.854902 0.72549
PeachPuff1 1 0.854902 0.72549
PeachPuff4 0.545098 0.466667 0.396078
PeachPuff2 0.933333 0.796078 0.678431
PeachPuff3 0.803922 0.686275 0.584314
SandyBrown 0.956863 0.643137 0.376471
seashell4 0.545098 0.52549 0.509804
seashell2 0.933333 0.898039 0.870588
seashell3 0.803922 0.772549 0.74902
chocolate 0.823529 0.411765 0.117647
chocolate1 1 0.498039 0.141176
chocolate2 0.933333 0.462745 0.129412
chocolate3 0.803922 0.4 0.113725
chocolate4 0.545098 0.270588 0.0745098
SaddleBrown 0.545098 0.270588 0.0745098
seashell 1 0.960784 0.933333
seashell1 1 0.960784 0.933333
sienna4 0.545098 0.278431 0.14902
sienna 0.627451 0.321569 0.176471
sienna1 1 0.509804 0.278431
sienna2 0.933333 0.47451 0.258824
sienna3 0.803922 0.407843 0.223529
LightSalmon3 0.803922 0.505882 0.384314
LightSalmon 1 0.627451 0.478431
LightSalmon1 1 0.627451 0.478431
LightSalmon4 0.545098 0.341176 0.258824
LightSalmon2 0.933333 0.584314 0.447059
coral 1 0.498039 0.313725
OrangeRed 1 0.270588 0
OrangeRed1 1 0.270588 0
OrangeRed2 0.933333 0.25098 0
OrangeRed3 0.803922 0.215686 0
OrangeRed4 0.545098 0.145098 0
DarkSalmon 0.913725 0.588235 0.478431
salmon1 1 0.54902 0.411765
salmon2 0.933333 0.509804 0.384314
salmon3 0.803922 0.439216 0.329412
salmon4 0.545098 0.298039 0.223529
coral1 1 0.447059 0.337255
coral2 0.933333 0.415686 0.313725
coral3 0.803922 0.356863 0.270588
coral4 0.545098 0.243137 0.184314
tomato4 0.545098 0.211765 0.14902
tomato 1 0.388235 0.278431
tomato1 1 0.388235 0.278431
tomato2 0.933333 0.360784 0.258824
tomato3 0.803922 0.309804 0.223529
MistyRose4 0.545098 0.490196 0.482353
MistyRose2 0.933333 0.835294 0.823529
MistyRose 1 0.894118 0.882353
MistyRose1 1 0.894118 0.882353
salmon 0.980392 0.501961 0.447059
MistyRose3 0.803922 0.717647 0.709804
white 1 1 1
gray100 1 1 1
grey100 1 1 1
grey100 1 1 1
gray99 0.988235 0.988235 0.988235
grey99 0.988235 0.988235 0.988235
gray98 0.980392 0.980392 0.980392
grey98 0.980392 0.980392 0.980392
gray97 0.968627 0.968627 0.968627
grey97 0.968627 0.968627 0.968627
gray96 0.960784 0.960784 0.960784
grey96 0.960784 0.960784 0.960784
WhiteSmoke 0.960784 0.960784 0.960784
gray95 0.94902 0.94902 0.94902
grey95 0.94902 0.94902 0.94902
gray94 0.941176 0.941176 0.941176
grey94 0.941176 0.941176 0.941176
gray93 0.929412 0.929412 0.929412
grey93 0.929412 0.929412 0.929412
gray92 0.921569 0.921569 0.921569
grey92 0.921569 0.921569 0.921569
gray91 0.909804 0.909804 0.909804
grey91 0.909804 0.909804 0.909804
gray90 0.898039 0.898039 0.898039
grey90 0.898039 0.898039 0.898039
gray89 0.890196 0.890196 0.890196
grey89 0.890196 0.890196 0.890196
gray88 0.878431 0.878431 0.878431
grey88 0.878431 0.878431 0.878431
gray87 0.870588 0.870588 0.870588
grey87 0.870588 0.870588 0.870588
gainsboro 0.862745 0.862745 0.862745
gray86 0.858824 0.858824 0.858824
grey86 0.858824 0.858824 0.858824
gray85 0.85098 0.85098 0.85098
grey85 0.85098 0.85098 0.85098
gray84 0.839216 0.839216 0.839216
grey84 0.839216 0.839216 0.839216
gray83 0.831373 0.831373 0.831373
grey83 0.831373 0.831373 0.831373
LightGray 0.827451 0.827451 0.827451
LightGrey 0.827451 0.827451 0.827451
gray82 0.819608 0.819608 0.819608
grey82 0.819608 0.819608 0.819608
gray81 0.811765 0.811765 0.811765
grey81 0.811765 0.811765 0.811765
gray80 0.8 0.8 0.8
grey80 0.8 0.8 0.8
gray79 0.788235 0.788235 0.788235
grey79 0.788235 0.788235 0.788235
gray78 0.780392 0.780392 0.780392
grey78 0.780392 0.780392 0.780392
gray77 0.768627 0.768627 0.768627
grey77 0.768627 0.768627 0.768627
gray76 0.760784 0.760784 0.760784
grey76 0.760784 0.760784 0.760784
silver 0.752941 0.752941 0.752941
gray75 0.74902 0.74902 0.74902
grey75 0.74902 0.74902 0.74902
gray74 0.741176 0.741176 0.741176
grey74 0.741176 0.741176 0.741176
gray73 0.729412 0.729412 0.729412
grey73 0.729412 0.729412 0.729412
gray72 0.721569 0.721569 0.721569
grey72 0.721569 0.721569 0.721569
gray71 0.709804 0.709804 0.709804
grey71 0.709804 0.709804 0.709804
gray70 0.701961 0.701961 0.701961
grey70 0.701961 0.701961 0.701961
gray69 0.690196 0.690196 0.690196
grey69 0.690196 0.690196 0.690196
gray68 0.678431 0.678431 0.678431
grey68 0.678431 0.678431 0.678431
gray67 0.670588 0.670588 0.670588
grey67 0.670588 0.670588 0.670588
DarkGray 0.662745 0.662745 0.662745
DarkGrey 0.662745 0.662745 0.662745
gray66 0.658824 0.658824 0.658824
grey66 0.658824 0.658824 0.658824
gray65 0.65098 0.65098 0.65098
grey65 0.65098 0.65098 0.65098
gray64 0.639216 0.639216 0.639216
grey64 0.639216 0.639216 0.639216
gray63 0.631373 0.631373 0.631373
grey63 0.631373 0.631373 0.631373
gray62 0.619608 0.619608 0.619608
grey62 0.619608 0.619608 0.619608
gray61 0.611765 0.611765 0.611765
grey61 0.611765 0.611765 0.611765
gray60 0.6 0.6 0.6
grey60 0.6 0.6 0.6
gray59 0.588235 0.588235 0.588235
grey59 0.588235 0.588235 0.588235
gray58 0.580392 0.580392 0.580392
grey58 0.580392 0.580392 0.580392
gray57 0.568627 0.568627 0.568627
grey57 0.568627 0.568627 0.568627
gray56 0.560784 0.560784 0.560784
grey56 0.560784 0.560784 0.560784
gray55 0.54902 0.54902 0.54902
grey55 0.54902 0.54902 0.54902
gray54 0.541176 0.541176 0.541176
grey54 0.541176 0.541176 0.541176
gray53 0.529412 0.529412 0.529412
grey53 0.529412 0.529412 0.529412
gray52 0.521569 0.521569 0.521569
grey52 0.521569 0.521569 0.521569
gray51 0.509804 0.509804 0.509804
grey51 0.509804 0.509804 0.509804
fractal 0.501961 0.501961 0.501961
gray50 0.498039 0.498039 0.498039
grey50 0.498039 0.498039 0.498039
gray 0.494118 0.494118 0.494118
gray49 0.490196 0.490196 0.490196
grey49 0.490196 0.490196 0.490196
gray48 0.478431 0.478431 0.478431
grey48 0.478431 0.478431 0.478431
gray47 0.470588 0.470588 0.470588
grey47 0.470588 0.470588 0.470588
gray46 0.458824 0.458824 0.458824
grey46 0.458824 0.458824 0.458824
gray45 0.45098 0.45098 0.45098
grey45 0.45098 0.45098 0.45098
gray44 0.439216 0.439216 0.439216
grey44 0.439216 0.439216 0.439216
gray43 0.431373 0.431373 0.431373
grey43 0.431373 0.431373 0.431373
gray42 0.419608 0.419608 0.419608
grey42 0.419608 0.419608 0.419608
DimGray 0.411765 0.411765 0.411765
DimGrey 0.411765 0.411765 0.411765
gray41 0.411765 0.411765 0.411765
grey41 0.411765 0.411765 0.411765
gray40 0.4 0.4 0.4
grey40 0.4 0.4 0.4
gray39 0.388235 0.388235 0.388235
grey39 0.388235 0.388235 0.388235
gray38 0.380392 0.380392 0.380392
grey38 0.380392 0.380392 0.380392
gray37 0.368627 0.368627 0.368627
grey37 0.368627 0.368627 0.368627
gray36 0.360784 0.360784 0.360784
grey36 0.360784 0.360784 0.360784
gray35 0.34902 0.34902 0.34902
grey35 0.34902 0.34902 0.34902
gray34 0.341176 0.341176 0.341176
grey34 0.341176 0.341176 0.341176
gray33 0.329412 0.329412 0.329412
grey33 0.329412 0.329412 0.329412
gray32 0.321569 0.321569 0.321569
grey32 0.321569 0.321569 0.321569
gray31 0.309804 0.309804 0.309804
grey31 0.309804 0.309804 0.309804
gray30 0.301961 0.301961 0.301961
grey30 0.301961 0.301961 0.301961
gray29 0.290196 0.290196 0.290196
grey29 0.290196 0.290196 0.290196
gray28 0.278431 0.278431 0.278431
grey28 0.278431 0.278431 0.278431
gray27 0.270588 0.270588 0.270588
grey27 0.270588 0.270588 0.270588
gray26 0.258824 0.258824 0.258824
grey26 0.258824 0.258824 0.258824
gray25 0.25098 0.25098 0.25098
grey25 0.25098 0.25098 0.25098
gray24 0.239216 0.239216 0.239216
grey24 0.239216 0.239216 0.239216
gray23 0.231373 0.231373 0.231373
grey23 0.231373 0.231373 0.231373
gray22 0.219608 0.219608 0.219608
grey22 0.219608 0.219608 0.219608
gray21 0.211765 0.211765 0.211765
grey21 0.211765 0.211765 0.211765
gray20 0.2 0.2 0.2
grey20 0.2 0.2 0.2
gray19 0.188235 0.188235 0.188235
grey19 0.188235 0.188235 0.188235
gray18 0.180392 0.180392 0.180392
grey18 0.180392 0.180392 0.180392
gray17 0.168627 0.168627 0.168627
grey17 0.168627 0.168627 0.168627
gray16 0.160784 0.160784 0.160784
grey16 0.160784 0.160784 0.160784
gray15 0.14902 0.14902 0.14902
grey15 0.14902 0.14902 0.14902
gray14 0.141176 0.141176 0.141176
grey14 0.141176 0.141176 0.141176
gray13 0.129412 0.129412 0.129412
grey13 0.129412 0.129412 0.129412
gray12 0.121569 0.121569 0.121569
grey12 0.121569 0.121569 0.121569
gray11 0.109804 0.109804 0.109804
grey11 0.109804 0.109804 0.109804
gray10 0.101961 0.101961 0.101961
grey10 0.101961 0.101961 0.101961
gray9 0.0901961 0.0901961 0.0901961
grey9 0.0901961 0.0901961 0.0901961
gray8 0.0784314 0.0784314 0.0784314
grey8 0.0784314 0.0784314 0.0784314
gray7 0.0705882 0.0705882 0.0705882
grey7 0.0705882 0.0705882 0.0705882
gray6 0.0588235 0.0588235 0.0588235
grey6 0.0588235 0.0588235 0.0588235
gray5 0.0509804 0.0509804 0.0509804
grey5 0.0509804 0.0509804 0.0509804
gray4 0.0392157 0.0392157 0.0392157
grey4 0.0392157 0.0392157 0.0392157
gray3 0.0313725 0.0313725 0.0313725
grey3 0.0313725 0.0313725 0.0313725
gray2 0.0196078 0.0196078 0.0196078
grey2 0.0196078 0.0196078 0.0196078
gray1 0.0117647 0.0117647 0.0117647
grey1 0.0117647 0.0117647 0.0117647
black 0 0 0
gray0 0 0 0
grey0 0 0 0
opaque 0 0 0
